amy schumer	0.0185185185185	0.0925925925926	0.268518518519	0.592592592593	0.0277777777778
ant-man	0.00352112676056	0.0211267605634	0.151408450704	0.651408450704	0.172535211268
bad blood	0.0	0.0444444444444	0.237037037037	0.637037037037	0.0814814814815
bee gees	0.0121951219512	0.0365853658537	0.19512195122	0.682926829268	0.0731707317073
big brother	0.0110701107011	0.0627306273063	0.250922509225	0.60147601476	0.0738007380074
boko haram	0.0208333333333	0.270833333333	0.510416666667	0.192708333333	0.00520833333333
briana	0.010582010582	0.100529100529	0.328042328042	0.518518518519	0.042328042328
brock lesnar	0.00378787878788	0.0227272727273	0.200757575758	0.723484848485	0.0492424242424
caitlyn jenner	0.0473684210526	0.263157894737	0.321052631579	0.321052631579	0.0473684210526
calibraska	0.0	0.0	0.211538461538	0.711538461538	0.0769230769231
carly fiorina	0.0327868852459	0.196721311475	0.535519125683	0.234972677596	0.0
cate blanchett	0.0	0.0285714285714	0.314285714286	0.557142857143	0.1
charlie hebdo	0.0257731958763	0.216494845361	0.484536082474	0.262886597938	0.0103092783505
chris evans	0.0	0.0473684210526	0.268421052632	0.621052631579	0.0631578947368
christians	0.0457746478873	0.214788732394	0.369718309859	0.352112676056	0.0176056338028
chuck norris	0.0	0.0729166666667	0.375	0.510416666667	0.0416666666667
curtis	0.00469483568075	0.0281690140845	0.295774647887	0.633802816901	0.037558685446
dana white	0.0	0.0505050505051	0.434343434343	0.484848484848	0.030303030303
dark souls	0.00763358778626	0.0534351145038	0.236641221374	0.625954198473	0.0763358778626
david bowie	0.00591715976331	0.0236686390533	0.248520710059	0.656804733728	0.0650887573964
david price	0.0	0.0358565737052	0.290836653386	0.621513944223	0.0517928286853
david wright	0.0	0.0262008733624	0.296943231441	0.659388646288	0.0174672489083
dean ambrose	0.0	0.0512820512821	0.384615384615	0.512820512821	0.0512820512821
dunkin	0.0	0.0240549828179	0.213058419244	0.718213058419	0.0446735395189
dustin johnson	0.0	0.0659340659341	0.25641025641	0.59706959707	0.0805860805861
ed sheeran	0.00392156862745	0.00392156862745	0.141176470588	0.756862745098	0.0941176470588
eid	0.0	0.0533807829181	0.259786476868	0.633451957295	0.0533807829181
floyd mayweather	0.028901734104	0.0462427745665	0.306358381503	0.578034682081	0.0404624277457
foo fighters	0.0	0.0106007067138	0.16961130742	0.720848056537	0.0989399293286
frank gifford	0.0	0.0255319148936	0.242553191489	0.646808510638	0.0851063829787
frank ocean	0.00694444444444	0.0520833333333	0.291666666667	0.559027777778	0.0902777777778
gay	0.0143884892086	0.165467625899	0.460431654676	0.348920863309	0.0107913669065
george harrison	0.0	0.0117647058824	0.141176470588	0.729411764706	0.117647058824
george osborne	0.00740740740741	0.2	0.488888888889	0.303703703704	0.0
gucci	0.0	0.0175438596491	0.385964912281	0.568421052632	0.0280701754386
hulk hogan	0.0324074074074	0.12962962963	0.356481481481	0.439814814815	0.0416666666667
ice cube	0.00352112676056	0.0316901408451	0.267605633803	0.595070422535	0.102112676056
ira	0.025974025974	0.17316017316	0.454545454545	0.341991341991	0.004329004329
iran	0.0298507462687	0.218905472637	0.522388059701	0.223880597015	0.00497512437811
iron maiden	0.00478468899522	0.00956937799043	0.172248803828	0.741626794258	0.0717703349282
islam	0.0330882352941	0.180147058824	0.455882352941	0.319852941176	0.0110294117647
israel	0.0176991150442	0.20796460177	0.420353982301	0.305309734513	0.0486725663717
janet jackson	0.00813008130081	0.0325203252033	0.162601626016	0.715447154472	0.0813008130081
jason aldean	0.0	0.00816326530612	0.0775510204082	0.751020408163	0.163265306122
john cena	0.0078431372549	0.0313725490196	0.262745098039	0.63137254902	0.0666666666667
john kasich	0.0	0.1592039801	0.577114427861	0.258706467662	0.00497512437811
josh hamilton	0.0	0.034188034188	0.264957264957	0.65811965812	0.042735042735
justin bieber	0.00900900900901	0.0630630630631	0.238738738739	0.585585585586	0.103603603604
kane	0.00359712230216	0.0647482014388	0.395683453237	0.507194244604	0.0287769784173
kanye west	0.0078431372549	0.145098039216	0.352941176471	0.450980392157	0.043137254902
katy perry	0.0263157894737	0.0350877192982	0.219298245614	0.666666666667	0.0526315789474
kendrick	0.00350877192982	0.0701754385965	0.259649122807	0.617543859649	0.0491228070175
kendrick lamar	0.00632911392405	0.0822784810127	0.215189873418	0.563291139241	0.132911392405
kim kardashian	0.0181818181818	0.127272727273	0.318181818182	0.5	0.0363636363636
kpop	0.00675675675676	0.101351351351	0.283783783784	0.533783783784	0.0743243243243
kris bryant	0.0	0.0405405405405	0.175675675676	0.747747747748	0.036036036036
lady gaga	0.029197080292	0.0875912408759	0.226277372263	0.583941605839	0.0729927007299
milan	0.00196463654224	0.0216110019646	0.308447937132	0.620825147348	0.0471512770138
miss usa	0.00884955752212	0.0442477876106	0.300884955752	0.601769911504	0.0442477876106
moto g	0.0	0.0141843971631	0.354609929078	0.609929078014	0.0212765957447
murray	0.0	0.0395683453237	0.26618705036	0.661870503597	0.0323741007194
muslims	0.0689655172414	0.255172413793	0.468965517241	0.2	0.00689655172414
naruto	0.00359712230216	0.0179856115108	0.273381294964	0.629496402878	0.0755395683453
national hot dog day	0.0	0.0240963855422	0.150602409639	0.722891566265	0.102409638554
national ice cream day	0.0	0.00609756097561	0.201219512195	0.75	0.0426829268293
niall	0.00746268656716	0.0522388059701	0.231343283582	0.623134328358	0.0858208955224
nicki	0.0243055555556	0.111111111111	0.305555555556	0.517361111111	0.0416666666667
nirvana	0.003861003861	0.027027027027	0.262548262548	0.671814671815	0.034749034749
paper towns	0.0	0.0208333333333	0.1625	0.6375	0.179166666667
paul dunne	0.0	0.0318725099602	0.179282868526	0.721115537849	0.0677290836653
paul mccartney	0.00480769230769	0.0192307692308	0.192307692308	0.697115384615	0.0865384615385
prince george	0.0	0.037037037037	0.162037037037	0.560185185185	0.240740740741
ps4	0.0	0.0339622641509	0.271698113208	0.660377358491	0.0339622641509
rahul gandhi	0.00555555555556	0.15	0.494444444444	0.338888888889	0.0111111111111
randy orton	0.00854700854701	0.042735042735	0.239316239316	0.65811965812	0.0512820512821
real madrid	0.0151515151515	0.030303030303	0.464646464646	0.489898989899	0.0
red sox	0.00418410041841	0.0334728033473	0.259414225941	0.644351464435	0.0585774058577
rolling stone	0.0	0.0634920634921	0.325396825397	0.571428571429	0.0396825396825
rousey	0.00909090909091	0.0318181818182	0.409090909091	0.536363636364	0.0136363636364
ryan braun	0.0	0.0384615384615	0.211538461538	0.730769230769	0.0192307692308
sam smith	0.0110294117647	0.0294117647059	0.235294117647	0.647058823529	0.0772058823529
saudi arabia	0.0299401197605	0.287425149701	0.40119760479	0.25748502994	0.0239520958084
scott walker	0.0466321243523	0.222797927461	0.471502590674	0.259067357513	0.0
seth rollins	0.0112359550562	0.0149812734082	0.262172284644	0.666666666667	0.0449438202247
sharknado	0.0138888888889	0.0555555555556	0.253472222222	0.614583333333	0.0625
shawn	0.00343642611684	0.0378006872852	0.216494845361	0.697594501718	0.0446735395189
star wars day	0.00934579439252	0.0280373831776	0.130841121495	0.663551401869	0.168224299065
super eagles	0.0	0.00546448087432	0.502732240437	0.475409836066	0.016393442623
the vamps	0.0	0.0108695652174	0.25	0.684782608696	0.054347826087
thor	0.00355871886121	0.0498220640569	0.309608540925	0.597864768683	0.0391459074733
tom brady	0.00404858299595	0.0769230769231	0.356275303644	0.514170040486	0.0485829959514
tony blair	0.04	0.28	0.4	0.264	0.016
twilight	0.0078125	0.0625	0.23828125	0.625	0.06640625
u2	0.012987012987	0.0649350649351	0.214285714286	0.675324675325	0.0324675324675
watchman	0.0	0.0245901639344	0.295081967213	0.639344262295	0.0409836065574
white sox	0.0	0.0223214285714	0.299107142857	0.660714285714	0.0178571428571
yakub	0.0111524163569	0.245353159851	0.557620817844	0.174721189591	0.0111524163569
yoga	0.0	0.0112994350282	0.169491525424	0.762711864407	0.0564971751412
zac brown band	0.0	0.00689655172414	0.172413793103	0.737931034483	0.0827586206897
zayn	0.00361010830325	0.0794223826715	0.335740072202	0.527075812274	0.0541516245487
