amy schumer	0.0148219894363	0.101817916747	0.286842144187	0.545332870759	0.0511850788708
ant-man	0.00922314462497	0.0610512715545	0.171313974242	0.688985601377	0.0694260082015
bad blood	0.0215251884722	0.153472820577	0.275656684155	0.466611978058	0.0827333287381
bee gees	0.00499454779364	0.0451096397593	0.156415713857	0.721732008647	0.0717480899426
big brother	0.00722804383839	0.0660486201883	0.20943236893	0.650352387591	0.0669385794525
boko haram	0.00245150126336	0.0967156408497	0.0705238527791	0.782787943129	0.0475210619791
briana	0.0151383763659	0.155596038446	0.359063873197	0.434934536493	0.0352671754986
brock lesnar	0.0082767864868	0.0513991495992	0.294575179044	0.59339911502	0.0523497698496
caitlyn jenner	0.00760188962067	0.240339868046	0.412134445114	0.334377243454	0.00554655376481
calibraska	0.0190835945932	0.102592699945	0.235132972288	0.49956938043	0.143621352744
carly fiorina	0.0106231501062	0.105854556836	0.495345040076	0.379113778746	0.00906347423518
cate blanchett	0.00863447606346	0.0955023896859	0.296312783298	0.546578054573	0.0529722963799
charlie hebdo	0.0125353582737	0.189425187162	0.584452484129	0.200690383612	0.0128965868235
chris evans	0.0117062237229	0.0716849359692	0.261014084054	0.593431962947	0.0621627933074
christians	0.0515468113237	0.317498062034	0.314726099368	0.268675390301	0.047553636973
chuck norris	0.0276785001936	0.186858828907	0.396994150227	0.367610507089	0.0208580135834
curtis	0.0107257575688	0.0736197907561	0.291865630777	0.560976361396	0.0628124595021
dana white	0.0100764765802	0.105594343956	0.396939417162	0.467455741743	0.0199340205583
dark souls	0.0221921077375	0.137683799109	0.209342439577	0.55857383233	0.0722078212459
david bowie	0.0116759406206	0.0503180877947	0.179578486372	0.67477039347	0.0836570917424
david price	0.00628257283172	0.04581350443	0.226326162403	0.663372135294	0.0582056250408
david wright	0.0103548602815	0.0576877347855	0.231944259538	0.651448673499	0.0485644718957
dean ambrose	0.00518929914157	0.0434125124556	0.354263020656	0.571857870289	0.0252772974575
dunkin	0.0121172797813	0.0756226033518	0.227423400364	0.627101663239	0.0577350532642
dustin johnson	0.0183298328163	0.114391986423	0.336302008538	0.486957641918	0.0440185303053
ed sheeran	0.00146838885131	0.014752315839	0.167243208435	0.801214535127	0.0153215517474
eid	0.00956863257067	0.0628031288335	0.246173956081	0.615941942486	0.0655123400287
floyd mayweather	0.022759094787	0.139615062236	0.43007446786	0.377829685931	0.0297216891866
foo fighters	0.00827876610826	0.0636235416703	0.251066915684	0.607861803602	0.0691689729359
frank gifford	0.0137670008693	0.0997174276392	0.267012778965	0.554070111114	0.065432681412
frank ocean	0.0172603878749	0.0991947831899	0.219583088281	0.621842083278	0.0421196573757
gay	0.0257648158592	0.274797416168	0.397984323915	0.27329233748	0.0281611065776
george harrison	0.00778893666956	0.0312313066726	0.26093742327	0.63307743675	0.0669648966376
george osborne	0.0203522438775	0.252740474316	0.412925349988	0.297819452452	0.0161624793668
gucci	0.0132995183916	0.0792893503764	0.391577334866	0.478518794966	0.0373150014
hulk hogan	0.0128479982705	0.110417672216	0.354642794337	0.497041577146	0.0250499580306
ice cube	0.00475369970545	0.0487463428004	0.169962474895	0.719249671917	0.0572878106822
ira	0.017077764423	0.203181456927	0.460198840414	0.300662498728	0.0188794395086
iran	0.0220781589204	0.284896729326	0.435433877088	0.244626646574	0.0129645880925
iron maiden	0.00453032311746	0.0257563061246	0.266965128221	0.649399099425	0.053349143112
islam	0.0334530222351	0.262953323843	0.390098012027	0.289906610691	0.0235890312035
israel	0.0349847591117	0.242219010471	0.34722419534	0.318062708363	0.0575093267138
janet jackson	0.00633541285407	0.0472837878671	0.194747949319	0.656839221153	0.0947936288063
jason aldean	0.0026318086071	0.072157530268	0.0730386572916	0.77737508515	0.0747969186831
john cena	0.00993209141282	0.0608282871713	0.223704459379	0.649374513231	0.056160648806
john kasich	0.0189054857301	0.168729757747	0.475763090738	0.315544526554	0.0210571392307
josh hamilton	0.00404105118435	0.0493524769624	0.44018205251	0.485200868707	0.0212235506364
justin bieber	0.0142663105036	0.0674639096401	0.206469921107	0.600193185075	0.111606673675
kane	0.0114407974895	0.133632990197	0.344176821789	0.476683753799	0.0340656367249
kanye west	0.0149834630471	0.112573568655	0.404679960509	0.420109461591	0.0476535461977
katy perry	0.00749288869308	0.0600045255888	0.251857039157	0.581102536797	0.0995430097641
kendrick	0.014247806378	0.0898225459623	0.278529145895	0.530860622628	0.0865398791363
kendrick lamar	0.00981784774878	0.0774131660972	0.277946201185	0.574236990814	0.0605857941553
kim kardashian	0.00823296731977	0.0432624579365	0.209759159087	0.652244439844	0.0865009758122
kpop	0.00229354299635	0.0161763003465	0.0737102273959	0.879177029286	0.0286428999749
kris bryant	0.0106076050944	0.105775402807	0.381771668325	0.474865002684	0.0269803210894
lady gaga	0.00846729602448	0.0588322345971	0.40741260707	0.482354102504	0.0429337598047
milan	0.00907450178051	0.074377182629	0.36741137631	0.489663515936	0.0594734233448
miss usa	0.00656075707501	0.0548686969982	0.490244497967	0.43791122708	0.0104148208796
moto g	0.0085647010952	0.099589484951	0.528623448495	0.33257313021	0.0306492352489
murray	0.012544947462	0.0838006337712	0.496556013052	0.374625177213	0.0324732285018
muslims	0.052565697718	0.233471019546	0.382808486119	0.283484407904	0.0476703887131
naruto	0.0177523744246	0.107047311115	0.366774422353	0.460732361448	0.0476935306601
national hot dog day	0.0101007233169	0.0693677619512	0.343633880521	0.524643573967	0.0522540602437
national ice cream day	0.0212803555281	0.130706462539	0.267459044978	0.50435220473	0.076201932225
niall	0.00801943784557	0.0444252809544	0.296826724284	0.5905889195	0.0601396374165
nicki	0.00774257990901	0.036350282439	0.260109960659	0.635482011403	0.0603151655902
nirvana	0.0102997744358	0.0656598323834	0.338930308989	0.538584042302	0.0465260418892
paper towns	0.0153521354457	0.0797346812547	0.290594741783	0.562082183323	0.0522362581942
paul dunne	0.0151022036145	0.0772283589012	0.352847852279	0.51868380757	0.0361377776355
paul mccartney	0.00192647574065	0.0138819661705	0.150180959488	0.822719722087	0.011290876514
prince george	0.00844410869435	0.0481873864309	0.339618249932	0.562403779969	0.0413464749734
ps4	0.0118991769461	0.0812059288017	0.387629627676	0.479867071438	0.0393981951373
rahul gandhi	0.00677885425704	0.057934229133	0.28465126295	0.603252960614	0.0473826930461
randy orton	0.00711456768575	0.0558863920084	0.296526813606	0.572758684079	0.0677135426211
real madrid	0.0107772403398	0.0681510418118	0.269879049849	0.583598348554	0.0675943194452
red sox	0.0183737449473	0.0930149867504	0.238225924565	0.592076184133	0.0583091596042
rolling stone	0.0271827343741	0.228020191906	0.387695935588	0.323702245907	0.0333988922247
rousey	0.019058320437	0.16208019242	0.423410793022	0.358494318634	0.0369563754872
ryan braun	0.00803119971874	0.0769241190508	0.439069255575	0.441327306239	0.034648119416
sam smith	0.0104460850219	0.081697022881	0.497764044311	0.391476376149	0.0186164716372
saudi arabia	0.0126149506183	0.104620720166	0.367712478198	0.477145262009	0.0379065890081
scott walker	0.00724221352038	0.0843363343697	0.365585924035	0.519211866335	0.0236236617399
seth rollins	0.00518759819563	0.0537973522129	0.265497048642	0.614204186171	0.0613138147786
sharknado	0.0181311189338	0.199971818468	0.49459626305	0.270724666165	0.0165761333835
shawn	0.00989571778219	0.100014360745	0.381368054444	0.479654808557	0.0290670584728
star wars day	0.0275346886302	0.207735469796	0.417472016021	0.322492813993	0.0247650115597
super eagles	0.0279737396112	0.166552808979	0.473399091493	0.309734975178	0.022339384739
the vamps	0.0406696072606	0.251000689005	0.4222614043	0.251998393062	0.0340699063722
thor	0.0210494766855	0.115144968184	0.306327022106	0.474616388469	0.0828621445555
tom brady	0.00297827260163	0.08498811758	0.129841772272	0.709209050904	0.0729827866426
tony blair	0.0110101680798	0.066593877108	0.355521124338	0.527365322546	0.0395095079282
twilight	0.0116953679286	0.0771396284123	0.403815232098	0.469131021413	0.038218750148
u2	0.0105427078481	0.0800819708995	0.512454147489	0.376028391493	0.0208927822705
watchman	0.0170709867875	0.071732323452	0.357304597485	0.501416825101	0.0524752671744
white sox	0.00998935875111	0.100566977261	0.28283176088	0.513829069278	0.0927828338301
yakub	0.0146601360466	0.128403023887	0.429034174265	0.401635746267	0.0262669195346
yoga	0.0118190680893	0.0761017277395	0.309327693038	0.546203449367	0.0565480617662
zac brown band	0.0140477739428	0.0794481798287	0.303860766952	0.533893933199	0.0687493460774
zayn	0.0140533424462	0.089520121511	0.233196031524	0.592359771456	0.0708707330628
