amy schumer	0.000000	0.037037	0.064815	0.879630	0.018519
ant-man	0.000000	0.021127	0.098592	0.876761	0.003521
bad blood	0.000000	0.125926	0.140741	0.733333	0.000000
bee gees	0.000000	0.024390	0.048780	0.902439	0.024390
big brother	0.000000	0.051661	0.084871	0.848708	0.014760
boko haram	0.000000	0.234375	0.546875	0.218750	0.000000
briana	0.000000	0.089947	0.349206	0.555556	0.005291
brock lesnar	0.000000	0.034091	0.193182	0.765152	0.007576
caitlyn jenner	0.000000	0.178947	0.378947	0.442105	0.000000
calibraska	0.000000	0.000000	0.182692	0.769231	0.048077
carly fiorina	0.000000	0.234973	0.393443	0.371585	0.000000
cate blanchett	0.000000	0.014286	0.100000	0.857143	0.028571
charlie hebdo	0.000000	0.128866	0.541237	0.329897	0.000000
chris evans	0.000000	0.010526	0.221053	0.763158	0.005263
christians	0.000000	0.232394	0.330986	0.422535	0.014085
chuck norris	0.000000	0.052083	0.416667	0.531250	0.000000
curtis	0.000000	0.018779	0.281690	0.690141	0.009390
dana white	0.010101	0.080808	0.505051	0.404040	0.000000
dark souls	0.000000	0.022901	0.099237	0.877863	0.000000
david bowie	0.000000	0.011834	0.136095	0.828402	0.023669
david price	0.000000	0.015936	0.274900	0.705179	0.003984
david wright	0.000000	0.008734	0.288210	0.703057	0.000000
dean ambrose	0.000000	0.012821	0.166667	0.820513	0.000000
dunkin	0.000000	0.017182	0.120275	0.852234	0.010309
dustin johnson	0.000000	0.029304	0.501832	0.468864	0.000000
ed sheeran	0.000000	0.007843	0.000000	0.960784	0.031373
eid	0.000000	0.056940	0.206406	0.690391	0.046263
floyd mayweather	0.000000	0.069364	0.375723	0.549133	0.005780
foo fighters	0.000000	0.003534	0.042403	0.932862	0.021201
frank gifford	0.000000	0.029787	0.055319	0.910638	0.004255
frank ocean	0.000000	0.017361	0.104167	0.878472	0.000000
gay	0.000000	0.284173	0.399281	0.309353	0.007194
george harrison	0.000000	0.035294	0.117647	0.835294	0.011765
george osborne	0.000000	0.303704	0.481481	0.214815	0.000000
gucci	0.003509	0.059649	0.238596	0.694737	0.003509
hulk hogan	0.000000	0.180556	0.305556	0.513889	0.000000
ice cube	0.000000	0.007042	0.109155	0.883803	0.000000
ira	0.000000	0.207792	0.450216	0.341991	0.000000
iran	0.000000	0.313433	0.601990	0.084577	0.000000
iron maiden	0.000000	0.004785	0.033493	0.952153	0.009569
islam	0.000000	0.437500	0.275735	0.283088	0.003676
israel	0.000000	0.433628	0.318584	0.230088	0.017699
janet jackson	0.000000	0.000000	0.089431	0.910569	0.000000
jason aldean	0.000000	0.000000	0.048980	0.934694	0.016327
john cena	0.000000	0.043137	0.149020	0.807843	0.000000
john kasich	0.000000	0.263682	0.512438	0.218905	0.004975
josh hamilton	0.000000	0.000000	0.299145	0.700855	0.000000
justin bieber	0.000000	0.009009	0.049550	0.927928	0.013514
kane	0.000000	0.075540	0.435252	0.489209	0.000000
kanye west	0.000000	0.219608	0.392157	0.388235	0.000000
katy perry	0.000000	0.000000	0.035088	0.964912	0.000000
kendrick	0.000000	0.042105	0.231579	0.722807	0.003509
kendrick lamar	0.000000	0.000000	0.088608	0.898734	0.012658
kim kardashian	0.000000	0.072727	0.300000	0.627273	0.000000
kpop	0.000000	0.108108	0.067568	0.817568	0.006757
kris bryant	0.000000	0.018018	0.220721	0.756757	0.004505
lady gaga	0.000000	0.043796	0.043796	0.905109	0.007299
milan	0.000000	0.001965	0.133595	0.862475	0.001965
miss usa	0.000000	0.061947	0.256637	0.681416	0.000000
moto g	0.000000	0.014184	0.205674	0.780142	0.000000
murray	0.000000	0.032374	0.377698	0.582734	0.007194
muslims	0.000000	0.600000	0.286207	0.110345	0.003448
naruto	0.000000	0.021583	0.118705	0.859712	0.000000
national hot dog day	0.000000	0.024096	0.162651	0.807229	0.006024
national ice cream day	0.000000	0.000000	0.048780	0.939024	0.012195
niall	0.000000	0.018657	0.149254	0.809701	0.022388
nicki	0.000000	0.090278	0.260417	0.642361	0.006944
nirvana	0.000000	0.042471	0.123552	0.826255	0.007722
paper towns	0.000000	0.029167	0.083333	0.862500	0.025000
paul dunne	0.000000	0.027888	0.318725	0.649402	0.003984
paul mccartney	0.000000	0.024038	0.149038	0.822115	0.004808
prince george	0.000000	0.013889	0.134259	0.777778	0.074074
ps4	0.000000	0.022642	0.192453	0.784906	0.000000
rahul gandhi	0.000000	0.427778	0.472222	0.100000	0.000000
randy orton	0.000000	0.059829	0.170940	0.769231	0.000000
real madrid	0.000000	0.000000	0.393939	0.606061	0.000000
red sox	0.000000	0.020921	0.280335	0.698745	0.000000
rolling stone	0.000000	0.031746	0.158730	0.809524	0.000000
rousey	0.000000	0.054545	0.431818	0.513636	0.000000
ryan braun	0.000000	0.038462	0.480769	0.480769	0.000000
sam smith	0.000000	0.022059	0.077206	0.889706	0.011029
saudi arabia	0.000000	0.365269	0.508982	0.125749	0.000000
scott walker	0.000000	0.124352	0.668394	0.207254	0.000000
seth rollins	0.000000	0.022472	0.116105	0.846442	0.014981
sharknado	0.000000	0.097222	0.166667	0.725694	0.010417
shawn	0.000000	0.024055	0.106529	0.848797	0.020619
star wars day	0.000000	0.000000	0.000000	1.000000	0.000000
super eagles	0.000000	0.010929	0.169399	0.819672	0.000000
the vamps	0.000000	0.032609	0.054348	0.880435	0.032609
thor	0.000000	0.046263	0.270463	0.672598	0.010676
tom brady	0.004049	0.060729	0.331984	0.599190	0.004049
tony blair	0.000000	0.296000	0.544000	0.152000	0.008000
twilight	0.000000	0.023438	0.085938	0.878906	0.011719
u2	0.000000	0.038961	0.181818	0.779221	0.000000
watchman	0.000000	0.073770	0.270492	0.647541	0.008197
white sox	0.000000	0.013393	0.388393	0.598214	0.000000
yakub	0.000000	0.334572	0.408922	0.249071	0.007435
yoga	0.000000	0.011299	0.016949	0.966102	0.005650
zac brown band	0.000000	0.000000	0.013793	0.944828	0.041379
zayn	0.000000	0.039711	0.256318	0.696751	0.007220
