amy schumer	0.0	0.314814814815	0.12037037037	0.527777777778	0.037037037037
ant-man	0.0211267605634	0.0492957746479	0.359154929577	0.496478873239	0.0739436619718
bad blood	0.00740740740741	0.222222222222	0.244444444444	0.355555555556	0.17037037037
bee gees	0.0121951219512	0.0243902439024	0.243902439024	0.646341463415	0.0731707317073
big brother	0.0	0.0738007380074	0.143911439114	0.649446494465	0.132841328413
boko haram	0.0104166666667	0.177083333333	0.53125	0.244791666667	0.0364583333333
briana	0.0	0.137566137566	0.333333333333	0.449735449735	0.0793650793651
brock lesnar	0.00757575757576	0.0757575757576	0.193181818182	0.662878787879	0.0606060606061
caitlyn jenner	0.0210526315789	0.178947368421	0.336842105263	0.421052631579	0.0421052631579
calibraska	0.00961538461538	0.125	0.125	0.519230769231	0.221153846154
carly fiorina	0.0	0.00546448087432	0.404371584699	0.562841530055	0.0273224043716
cate blanchett	0.0	0.0857142857143	0.385714285714	0.442857142857	0.0857142857143
charlie hebdo	0.00515463917526	0.123711340206	0.716494845361	0.113402061856	0.0412371134021
chris evans	0.0	0.0421052631579	0.163157894737	0.752631578947	0.0421052631579
christians	0.0105633802817	0.214788732394	0.383802816901	0.334507042254	0.056338028169
chuck norris	0.0104166666667	0.09375	0.364583333333	0.510416666667	0.0208333333333
curtis	0.0	0.1220657277	0.352112676056	0.474178403756	0.0516431924883
dana white	0.030303030303	0.131313131313	0.30303030303	0.484848484848	0.0505050505051
dark souls	0.0	0.297709923664	0.24427480916	0.412213740458	0.0458015267176
david bowie	0.0	0.118343195266	0.159763313609	0.674556213018	0.0473372781065
david price	0.0	0.0159362549801	0.398406374502	0.553784860558	0.0318725099602
david wright	0.0131004366812	0.0262008733624	0.231441048035	0.711790393013	0.0174672489083
dean ambrose	0.0	0.0769230769231	0.294871794872	0.551282051282	0.0769230769231
dunkin	0.00343642611684	0.0584192439863	0.264604810997	0.60824742268	0.0652920962199
dustin johnson	0.0	0.0989010989011	0.326007326007	0.553113553114	0.021978021978
ed sheeran	0.00392156862745	0.0392156862745	0.0862745098039	0.83137254902	0.0392156862745
eid	0.0	0.153024911032	0.245551601423	0.473309608541	0.128113879004
floyd mayweather	0.00578034682081	0.132947976879	0.260115606936	0.543352601156	0.0578034682081
foo fighters	0.0	0.0494699646643	0.395759717314	0.427561837456	0.127208480565
frank gifford	0.0	0.0255319148936	0.170212765957	0.731914893617	0.0723404255319
frank ocean	0.03125	0.09375	0.274305555556	0.555555555556	0.0451388888889
gay	0.0107913669065	0.345323741007	0.302158273381	0.302158273381	0.0395683453237
george harrison	0.0	0.0117647058824	0.305882352941	0.6	0.0823529411765
george osborne	0.00740740740741	0.0518518518519	0.792592592593	0.133333333333	0.0148148148148
gucci	0.0	0.224561403509	0.301754385965	0.371929824561	0.101754385965
hulk hogan	0.0138888888889	0.180555555556	0.347222222222	0.407407407407	0.0509259259259
ice cube	0.00352112676056	0.0739436619718	0.151408450704	0.672535211268	0.0985915492958
ira	0.0	0.190476190476	0.38961038961	0.398268398268	0.021645021645
iran	0.0199004975124	0.203980099502	0.308457711443	0.457711442786	0.00995024875622
iron maiden	0.00956937799043	0.0574162679426	0.296650717703	0.516746411483	0.11961722488
islam	0.0110294117647	0.183823529412	0.294117647059	0.474264705882	0.0367647058824
israel	0.0	0.115044247788	0.398230088496	0.362831858407	0.12389380531
janet jackson	0.0	0.00813008130081	0.0650406504065	0.861788617886	0.0650406504065
jason aldean	0.0	0.0	0.0816326530612	0.767346938776	0.151020408163
john cena	0.0	0.0470588235294	0.266666666667	0.627450980392	0.0588235294118
john kasich	0.00995024875622	0.0646766169154	0.606965174129	0.293532338308	0.0248756218905
josh hamilton	0.0	0.034188034188	0.495726495726	0.452991452991	0.017094017094
justin bieber	0.0	0.045045045045	0.445945945946	0.274774774775	0.234234234234
kane	0.00359712230216	0.212230215827	0.276978417266	0.467625899281	0.0395683453237
kanye west	0.0078431372549	0.0823529411765	0.454901960784	0.411764705882	0.043137254902
katy perry	0.00877192982456	0.114035087719	0.157894736842	0.69298245614	0.0263157894737
kendrick	0.00701754385965	0.140350877193	0.301754385965	0.491228070175	0.059649122807
kendrick lamar	0.00632911392405	0.139240506329	0.272151898734	0.512658227848	0.0696202531646
kim kardashian	0.00909090909091	0.145454545455	0.327272727273	0.463636363636	0.0545454545455
kpop	0.027027027027	0.168918918919	0.304054054054	0.418918918919	0.0810810810811
kris bryant	0.0045045045045	0.0900900900901	0.351351351351	0.518018018018	0.036036036036
lady gaga	0.0	0.00729927007299	0.21897810219	0.715328467153	0.0583941605839
milan	0.00196463654224	0.0687622789784	0.168958742633	0.695481335953	0.0648330058939
miss usa	0.0	0.132743362832	0.41592920354	0.221238938053	0.230088495575
moto g	0.0141843971631	0.0496453900709	0.31914893617	0.58865248227	0.0283687943262
murray	0.00359712230216	0.0251798561151	0.370503597122	0.517985611511	0.0827338129496
muslims	0.0206896551724	0.18275862069	0.334482758621	0.424137931034	0.0379310344828
naruto	0.00719424460432	0.104316546763	0.269784172662	0.507194244604	0.111510791367
national hot dog day	0.0	0.481927710843	0.204819277108	0.289156626506	0.0240963855422
national ice cream day	0.0	0.0914634146341	0.128048780488	0.701219512195	0.0792682926829
niall	0.00746268656716	0.0671641791045	0.328358208955	0.462686567164	0.134328358209
nicki	0.00347222222222	0.125	0.354166666667	0.472222222222	0.0451388888889
nirvana	0.0	0.019305019305	0.559845559846	0.397683397683	0.023166023166
paper towns	0.0	0.133333333333	0.45	0.216666666667	0.2
paul dunne	0.0	0.0318725099602	0.322709163347	0.565737051793	0.0796812749004
paul mccartney	0.00961538461538	0.00961538461538	0.346153846154	0.552884615385	0.0817307692308
prince george	0.0	0.0416666666667	0.449074074074	0.291666666667	0.217592592593
ps4	0.0	0.0905660377358	0.222641509434	0.660377358491	0.0264150943396
rahul gandhi	0.0111111111111	0.133333333333	0.372222222222	0.466666666667	0.0166666666667
randy orton	0.0	0.153846153846	0.273504273504	0.452991452991	0.119658119658
real madrid	0.00505050505051	0.0454545454545	0.479797979798	0.454545454545	0.0151515151515
red sox	0.00418410041841	0.0418410041841	0.230125523013	0.677824267782	0.0460251046025
rolling stone	0.0	0.174603174603	0.365079365079	0.396825396825	0.0634920634921
rousey	0.0136363636364	0.204545454545	0.2	0.563636363636	0.0181818181818
ryan braun	0.0	0.0865384615385	0.221153846154	0.653846153846	0.0384615384615
sam smith	0.00367647058824	0.0551470588235	0.301470588235	0.555147058824	0.0845588235294
saudi arabia	0.0239520958084	0.155688622754	0.443113772455	0.365269461078	0.0119760479042
scott walker	0.0725388601036	0.134715025907	0.450777202073	0.331606217617	0.0103626943005
seth rollins	0.0	0.0786516853933	0.325842696629	0.558052434457	0.0374531835206
sharknado	0.00694444444444	0.142361111111	0.277777777778	0.447916666667	0.125
shawn	0.00343642611684	0.0824742268041	0.230240549828	0.618556701031	0.0652920962199
star wars day	0.0	0.018691588785	0.00934579439252	0.88785046729	0.0841121495327
super eagles	0.0	0.0327868852459	0.704918032787	0.234972677596	0.0273224043716
the vamps	0.0	0.054347826087	0.326086956522	0.489130434783	0.130434782609
thor	0.00355871886121	0.0782918149466	0.245551601423	0.612099644128	0.0604982206406
tom brady	0.00404858299595	0.0890688259109	0.246963562753	0.623481781377	0.0364372469636
tony blair	0.0	0.192	0.656	0.12	0.032
twilight	0.01171875	0.05859375	0.28515625	0.578125	0.06640625
u2	0.0	0.0519480519481	0.194805194805	0.655844155844	0.0974025974026
watchman	0.0	0.0655737704918	0.467213114754	0.377049180328	0.0901639344262
white sox	0.0	0.0535714285714	0.348214285714	0.5625	0.0357142857143
yakub	0.00371747211896	0.197026022305	0.390334572491	0.390334572491	0.0185873605948
yoga	0.0	0.0169491525424	0.186440677966	0.728813559322	0.0677966101695
zac brown band	0.0	0.00689655172414	0.386206896552	0.510344827586	0.0965517241379
zayn	0.0072202166065	0.111913357401	0.465703971119	0.368231046931	0.0469314079422
