amy schumer	0.027778	0.138889	0.231481	0.601852	0.000000	
ant-man	0.014760	0.044280	0.121771	0.819188	0.000000	
bad blood	0.041667	0.159722	0.284722	0.513889	0.000000	
bee gees	0.000000	0.036585	0.048780	0.914634	0.000000	
big brother	0.007576	0.018939	0.064394	0.909091	0.000000	
boko haram	0.069231	0.307692	0.523077	0.100000	0.000000	
briana	0.042654	0.194313	0.331754	0.431280	0.000000	
brock lesnar	0.000000	0.032258	0.147465	0.820276	0.000000	
caitlyn jenner	0.058091	0.253112	0.427386	0.261411	0.000000	
calibraska	0.019231	0.038462	0.096154	0.846154	0.000000	
carly fiorina	0.014563	0.271845	0.538835	0.174757	0.000000	
cate blanchett	0.014286	0.085714	0.128571	0.771429	0.000000	
charlie hebdo	0.053435	0.293893	0.477099	0.175573	0.000000	
chris evans	0.000000	0.046512	0.087209	0.866279	0.000000	
christians	0.140659	0.301099	0.402198	0.156044	0.000000	
chuck norris	0.009901	0.227723	0.326733	0.435644	0.000000	
curtis	0.005319	0.058511	0.196809	0.739362	0.000000	
dana white	0.042553	0.202128	0.372340	0.382979	0.000000	
dark souls	0.000000	0.071429	0.111111	0.817460	0.000000	
david bowie	0.000000	0.031056	0.074534	0.894410	0.000000	
david price	0.004484	0.062780	0.170404	0.762332	0.000000	
david wright	0.005181	0.025907	0.155440	0.813472	0.000000	
dean ambrose	0.000000	0.057971	0.173913	0.768116	0.000000	
dunkin	0.003559	0.067616	0.128114	0.800712	0.000000	
dustin johnson	0.004444	0.088889	0.333333	0.573333	0.000000	
ed sheeran	0.000000	0.007937	0.023810	0.968254	0.000000	
eid	0.027304	0.098976	0.197952	0.675768	0.000000	
floyd mayweather	0.006993	0.062937	0.279720	0.650350	0.000000	
foo fighters	0.000000	0.011029	0.025735	0.963235	0.000000	
frank gifford	0.008889	0.013333	0.035556	0.942222	0.000000	
frank ocean	0.000000	0.029091	0.072727	0.898182	0.000000	
gay	0.166307	0.306695	0.399568	0.127430	0.000000	
george harrison	0.000000	0.026667	0.106667	0.866667	0.000000	
george osborne	0.117409	0.372470	0.477733	0.032389	0.000000	
gucci	0.004000	0.092000	0.324000	0.580000	0.000000	
hulk hogan	0.026432	0.220264	0.348018	0.405286	0.000000	
ice cube	0.003636	0.054545	0.116364	0.825455	0.000000	
ira	0.085443	0.284810	0.408228	0.221519	0.000000	
iran	0.111111	0.339339	0.471471	0.078078	0.000000	
iron maiden	0.005051	0.015152	0.045455	0.934343	0.000000	
islam	0.097448	0.313225	0.419954	0.169374	0.000000	
israel	0.116477	0.309659	0.409091	0.164773	0.000000	
janet jackson	0.000000	0.008547	0.034188	0.957265	0.000000	
jason aldean	0.000000	0.000000	0.000001	0.999999	0.000000	
john cena	0.008696	0.052174	0.095652	0.843478	0.000000	
john kasich	0.054140	0.366242	0.535032	0.044586	0.000000	
josh hamilton	0.000000	0.010309	0.103093	0.886598	0.000000	
justin bieber	0.008889	0.084444	0.155556	0.751111	0.000000	
kane	0.019305	0.131274	0.328185	0.521236	0.000000	
kanye west	0.031746	0.182540	0.412698	0.373016	0.000000	
katy perry	0.025641	0.102564	0.222222	0.649573	0.000000	
kendrick	0.018182	0.105455	0.218182	0.658182	0.000000	
kendrick lamar	0.019355	0.083871	0.154839	0.741935	0.000000	
kim kardashian	0.018519	0.157407	0.361111	0.462963	0.000000	
kpop	0.033333	0.133333	0.280000	0.553333	0.000000	
kris bryant	0.000000	0.059459	0.189189	0.751351	0.000000	
lady gaga	0.007194	0.057554	0.071942	0.863309	0.000000	
milan	0.000000	0.041002	0.159453	0.799544	0.000000	
miss usa	0.018018	0.081081	0.234234	0.666667	0.000000	
moto g	0.000000	0.052174	0.208696	0.739130	0.000000	
murray	0.000000	0.032520	0.121951	0.845528	0.000000	
muslims	0.146388	0.361217	0.425856	0.066540	0.000000	
naruto	0.007813	0.074219	0.156250	0.761719	0.000000	
national hot dog day	0.012658	0.056962	0.132911	0.797468	0.000000	
national ice cream day	0.000000	0.025157	0.050314	0.924528	0.000000	
niall	0.021661	0.086643	0.151625	0.740072	0.000000	
nicki	0.024138	0.148276	0.251724	0.575862	0.000000	
nirvana	0.007752	0.062016	0.104651	0.825581	0.000000	
paper towns	0.013274	0.057522	0.141593	0.787611	0.000000	
paul dunne	0.009091	0.054545	0.140909	0.795455	0.000000	
paul mccartney	0.010417	0.041667	0.109375	0.838542	0.000000	
prince george	0.009756	0.029268	0.092683	0.868293	0.000000	
ps4	0.012000	0.080000	0.192000	0.716000	0.000000	
rahul gandhi	0.049107	0.263393	0.455357	0.232143	0.000000	
randy orton	0.000000	0.029412	0.127451	0.843137	0.000000	
real madrid	0.000000	0.145570	0.563291	0.291139	0.000000	
red sox	0.000000	0.042453	0.174528	0.783019	0.000000	
rolling stone	0.017857	0.053571	0.187500	0.741071	0.000000	
rousey	0.004762	0.152381	0.319048	0.523810	0.000000	
ryan braun	0.012048	0.084337	0.289157	0.614458	0.000000	
sam smith	0.000000	0.015873	0.051587	0.932540	0.000000	
saudi arabia	0.085271	0.329457	0.515504	0.069767	0.000000	
scott walker	0.094937	0.348101	0.458861	0.098101	0.000000	
seth rollins	0.000000	0.009050	0.090498	0.900452	0.000000	
sharknado	0.014286	0.082143	0.167857	0.735714	0.000000	
shawn	0.003534	0.042403	0.088339	0.865724	0.000000	
star wars day	0.000000	0.047170	0.075472	0.877358	0.000000	
super eagles	0.000000	0.030303	0.257576	0.712121	0.000000	
the vamps	0.000000	0.035714	0.083333	0.880952	0.000000	
thor	0.000000	0.052000	0.164000	0.784000	0.000000	
tom brady	0.013158	0.140351	0.289474	0.557018	0.000000	
tony blair	0.128713	0.331683	0.465347	0.074257	0.000000	
twilight	0.000000	0.020661	0.078512	0.900826	0.000000	
u2	0.006711	0.026846	0.100671	0.865772	0.000000	
watchman	0.024194	0.104839	0.250000	0.620968	0.000000	
white sox	0.005587	0.044693	0.217877	0.731844	0.000000	
yakub	0.102757	0.305764	0.448622	0.142857	0.000000	
yoga	0.000000	0.017544	0.040936	0.941520	0.000000	
zac brown band	0.000000	0.000000	0.006993	0.993007	0.000000	
zayn	0.010830	0.151625	0.270758	0.566787	0.000000	
