amy schumer	0	0.274670004	0.280346526	0.44498347	0
ant-man	0	0.074488902	0.232242826	0.579521935	0.113746337
bad blood	0.358368935	0.065523811	0.15226681	0.423840444	0
bee gees	0	0.025226774	0.150465622	0.824307604	0
big brother	0	0.024268699	0.101983777	0.651394217	0.222353308
boko haram	0	0.193384569	0.514307237	0.292308194	0
briana	0	0.16621816	0.320456311	0.456921282	0.056404247
brock lesnar	0	0.054258786	0.147103487	0.674356029	0.124281698
caitlyn jenner	0	0.303707386	0.329358016	0.366934598	0
calibraska	0	0.058130543	0.126080309	0.549488953	0.266300194
carly fiorina	0	0.011125978	0.313707166	0.675166856	0
cate blanchett	0	0.028494194	0.386259593	0.585246213	0
charlie hebdo	0	0.234346671	0.640054303	0.125599026	0
chris evans	0	0.087514647	0.208793181	0.543327819	0.160364353
christians	0	0.219387062	0.456541774	0.287853943	0.036217221
chuck norris	0	0.174002028	0.293530152	0.53246782	0
curtis	0	0.083044524	0.275178229	0.641777247	0
dana white	0	0.116963544	0.264254363	0.618782093	0
dark souls	0	0.192402522	0.409853174	0.397744304	0
david bowie	0	0.044791259	0.212512369	0.674299046	0.068397325
david price	0	0.068152407	0.242255469	0.643338633	0.046253492
david wright	0	0.059846727	0.389407707	0.550745566	0
dean ambrose	0	0.045121385	0.195729053	0.621346692	0.137802869
dunkin	0	0.045248764	0.178756459	0.697027982	0.078966795
dustin johnson	0	0.0687567	0.626335744	0.304907556	0
ed sheeran	0	0.016175303	0.206111956	0.77771274	0
eid	0	0.10914704	0.18318458	0.453694829	0.253973551
floyd mayweather	0	0.080363339	0.234217494	0.562702425	0.122716742
foo fighters	0	0.029239456	0.134763133	0.835997411	0
frank gifford	0	0.031694283	0.176152042	0.695357818	0.096795857
frank ocean	0	0.062082009	0.284262605	0.653655386	0
gay	0	0.344798585	0.317534993	0.270807287	0.066859136
george harrison	0	0	0.159247483	0.524183901	0.316568616
george osborne	0	0.096373855	0.582289132	0.321337013	0
gucci	0	0.112468305	0.43047245	0.457059245	0
hulk hogan	0	0.210108591	0.291653145	0.498238264	0
ice cube	0	0.056391254	0.226269678	0.510673162	0.206665906
ira	0	0.314171283	0.320897208	0.364931509	0
iran	0	0.334675137	0.286320322	0.288149973	0.090854568
iron maiden	0	0.041950731	0.122833318	0.6814725	0.15374345
islam	0	0.192136629	0.292381989	0.439765967	0.075715415
israel	0	0.190357262	0.375710838	0.387423085	0.046508815
janet jackson	0	0.015523018	0.092587365	0.797073539	0.094816078
jason aldean	0	0	0.073579524	0.788277543	0.138142933
john cena	0	0.037637174	0.297956422	0.618428112	0.045978292
john kasich	0	0.056123476	0.664427343	0.279449181	0
josh hamilton	0	0.017487022	0.256013296	0.726499682	0
justin bieber	0	0.03718124	0.168006278	0.454152622	0.34065986
kane	0	0.297123496	0.275227928	0.427648576	0
kanye west	0	0.176689958	0.463703228	0.359606814	0
katy perry	0	0.166512179	0.180575527	0.652912294	0
kendrick	0	0.168865642	0.284502054	0.472957482	0.073674822
kendrick lamar	0	0.166325829	0.222460572	0.54348466	0.067728939
kim kardashian	0	0.122072071	0.283675883	0.594252047	0
kpop	0	0.194647977	0.291797603	0.44361745	0.06993697
kris bryant	0	0.070875916	0.317055669	0.612068415	0
lady gaga	0	0	0.061795888	0.851189431	0.087014681
milan	0	0.041075768	0.350285371	0.563021638	0.045617223
miss usa	0	0.134788596	0.283209454	0.582001949	0
moto g	0	0.094304405	0.452906464	0.45278913	0
murray	0	0.027398698	0.415978457	0.514784378	0.041838467
muslims	0.175638532	0.316548047	0.263681283	0.244132138	0
naruto	0	0.108033459	0.202097186	0.458911805	0.23095755
national hot dog day	0	0.326712672	0.249121611	0.424165716	0
national ice cream day	0	0.048731665	0.297266973	0.654001362	0
niall	0	0.079842395	0.362994121	0.407106563	0.150056921
nicki	0	0.200537043	0.363589469	0.435873487	0
nirvana	0	0.058332883	0.33211281	0.565016454	0.044537854
paper towns	0	0.058614882	0.134193621	0.568507956	0.238683541
paul dunne	0	0.008136408	0.304414042	0.68744955	0
paul mccartney	0	0.018749735	0.19316642	0.730821256	0.057262589
prince george	0	0.018929843	0.239500646	0.394693627	0.346875883
ps4	0	0.06434341	0.294617163	0.597371016	0.043668412
rahul gandhi	0	0.154879754	0.358316043	0.486804203	0
randy orton	0	0.017556496	0.228471474	0.75397203	0
real madrid	0	0.057693347	0.578735803	0.363570851	0
red sox	0	0.04973159	0.350556952	0.599711458	0
rolling stone	0	0.077883885	0.304062593	0.618053522	0
rousey	0	0.160257432	0.347585026	0.492157543	0
ryan braun	0	0.057908202	0.230263128	0.71182867	0
sam smith	0	0.043906039	0.341235615	0.614858346	0
saudi arabia	0	0.112144125	0.474300975	0.413554901	0
scott walker	0.235489506	0.319849482	0.306840742	0.137820271	0
seth rollins	0	0.081329323	0.252567759	0.666102918	0
sharknado	0	0.126824675	0.15404041	0.471244593	0.247890322
shawn	0	0.052786654	0.275491221	0.631418883	0.040303242
star wars day	0	0	0.053873169	0.946126831	0
super eagles	0	0.019252425	0.422788674	0.440363249	0.117595653
the vamps	0	0.076697769	0.197541901	0.608641002	0.117119329
thor	0	0.068980244	0.248220582	0.567888828	0.114910346
tom brady	0	0.07341708	0.145965906	0.780617015	0
tony blair	0	0.248885461	0.434848429	0.31626611	0
twilight	0	0.063755761	0.284244149	0.565460914	0.086539176
u2	0	0.089792235	0.215618153	0.694589612	0
watchman	0	0.113877845	0.347331888	0.45184317	0.086947098
white sox	0	0.035388252	0.4029594	0.561652349	0
yakub	0	0.290139701	0.383045389	0.32681491	0
yoga	0	0.011821765	0.121792016	0.866386219	0
zac brown band	0	0	0.277265675	0.57400392	0.148730405
zayn	0.346702043	0.063390648	0.274978074	0.314929235	0
