amy schumer	.01184817	.11841142	.21898655	.59110634	.05964752
ant-man	.01413857	.04349026	.22223010	.60036910	.11977197
bad blood	.01490043	.09781410	.20715920	.54638211	.13374417
bee gees	.00625258	.03243896	.20622668	.70570800	.04937378
big brother	.01005658	.07392549	.16591121	.66421070	.08589602
boko haram	.01393497	.16354440	.43237414	.38023415	.00991234
briana	.01512172	.13400120	.32950591	.47191652	.04945465
brock lesnar	.00862641	.04245578	.19962044	.67515104	.07414633
caitlyn jenner	.01803490	.15941621	.34403369	.45265072	.02586448
calibraska	.00783891	.03283731	.18403901	.63962652	.13565825
carly fiorina	.01045394	.11584226	.47480168	.39094544	.00795669
cate blanchett	.01137133	.08567081	.32583954	.53667366	.04044467
charlie hebdo	.01601264	.15656438	.53657243	.27804957	.01280098
chris evans	.01004625	.06072582	.24094437	.60349210	.08479147
christians	.01768218	.21274254	.30718414	.38720744	.07518370
chuck norris	.02349432	.14231107	.32458672	.48596201	.02364588
curtis	.00872784	.06176459	.31015260	.55176867	.06758629
dana white	.01704297	.08979490	.36271456	.51725297	.01319460
dark souls	.01260659	.10432186	.23632989	.54623545	.10050621
david bowie	.01755334	.06920976	.25845791	.58859225	.06618674
david price	.01866173	.07766861	.30113050	.53850504	.06403411
david wright	.01464368	.06645856	.26007668	.60745751	.05136357
dean ambrose	.00927175	.05760652	.27719289	.61935999	.03656885
dunkin	.00818105	.04536077	.21765989	.64514318	.08365511
dustin johnson	.00907309	.08784617	.33755101	.54452961	.02100013
ed sheeran	.00735997	.03768202	.15740090	.71932188	.07823523
eid	.01245649	.09320087	.22982085	.56771979	.09680200
floyd mayweather	.01095007	.06173651	.29979945	.60940923	.01810474
foo fighters	.00497223	.02309095	.13708051	.70013838	.13471793
frank gifford	.00882869	.04662660	.20611790	.69301165	.04541516
frank ocean	.01591268	.08124459	.28807688	.57538790	.03937794
gay	.01353194	.24127565	.32085329	.39077387	.03356525
george harrison	.01196643	.04846358	.27707864	.63159323	.03089813
george osborne	.01331997	.11915010	.48845888	.37191447	.00715659
gucci	.01257535	.12411346	.31047428	.51441927	.03841765
hulk hogan	.02143672	.17884448	.34309622	.43024756	.02637502
ice cube	.01492547	.07103672	.24169980	.56660689	.10573111
ira	.01766494	.18251971	.35863156	.42530837	.01587543
iran	.02144632	.22258324	.40374548	.34257021	.00965475
iron maiden	.00870810	.04081966	.23698537	.62156362	.09192325
islam	.02204129	.22661979	.31507775	.41369564	.02256553
israel	.01591409	.15096428	.33282597	.44008671	.06020895
janet jackson	.00587511	.01695947	.18348198	.72370307	.06998037
jason aldean	.00446903	.01186415	.11491775	.74468831	.12406075
john cena	.00788676	.03338026	.33160349	.57537615	.05175335
john kasich	.01026481	.15208469	.50373425	.32665666	.00725959
josh hamilton	.01093181	.07950153	.30102573	.57226589	.03627504
justin bieber	.00977024	.06398552	.23780312	.57980978	.10863133
kane	.01342487	.14672799	.30744417	.50147865	.03092432
kanye west	.01359148	.14061458	.39669014	.41970652	.02939728
katy perry	.01921627	.11167780	.29336579	.53828637	.03745377
kendrick	.02206662	.14559781	.26469139	.50593983	.06170435
kendrick lamar	.02383966	.12235569	.24644822	.53512047	.07223597
kim kardashian	.01474557	.16136835	.29443574	.49868544	.03076489
kpop	.01819871	.12872860	.25493940	.52159620	.07653709
kris bryant	.01250239	.09863868	.27256212	.54240855	.07388826
lady gaga	.01330972	.03610828	.24885687	.61193320	.08979193
milan	.00741820	.04982245	.25308404	.62470409	.06497121
miss usa	.00724727	.12661942	.29924970	.46793013	.09895348
moto g	.02819074	.08236106	.36509551	.49317801	.03117469
murray	.01126876	.06535088	.27537748	.57177600	.07622688
muslims	.03356567	.21568926	.34762160	.36938557	.03373791
naruto	.01427764	.07628755	.23549776	.58213705	.09180000
national hot dog day	.01022021	.18502567	.16510197	.56764061	.07201153
national ice cream day	.01349738	.04701817	.11777459	.71658966	.10512019
niall	.00991406	.05727887	.24137138	.56679667	.12463903
nicki	.01651995	.13433643	.30989375	.50399593	.03525395
nirvana	.00975578	.05002583	.32164378	.56572387	.05285075
paper towns	.00727592	.03576687	.18258642	.64144039	.13293040
paul dunne	.00639030	.03974292	.29186891	.58844264	.07355523
paul mccartney	.00797515	.03759314	.26379175	.62918142	.06145854
prince george	.00652328	.01824144	.21715921	.59707807	.16099801
ps4	.00767058	.08317488	.25843282	.59570524	.05501647
rahul gandhi	.01498375	.13954884	.37688701	.45398183	.01459857
randy orton	.01004150	.05956081	.26252760	.64218290	.02568720
real madrid	.00831890	.05322381	.48068327	.44599899	.01177503
red sox	.00929293	.07932810	.26242361	.60183702	.04711834
rolling stone	.00929179	.09677114	.30559008	.55595213	.03239486
rousey	.01498896	.15751202	.26700943	.52496842	.03552116
ryan braun	.01263377	.09427978	.25158187	.60254679	.03895779
sam smith	.00763421	.03521321	.26791602	.59871660	.09051996
saudi arabia	.01306847	.12950767	.45951616	.38885427	.00905343
scott walker	.03774189	.18047577	.44685223	.32533129	.00959883
seth rollins	.00830270	.03822596	.25880049	.65368867	.04098219
sharknado	.01330178	.08358008	.20194095	.57562081	.12555638
shawn	.00698615	.04957181	.21471701	.64184103	.08688400
star wars day	.00345674	.00701462	.02154663	.77128713	.19669487
super eagles	.00564095	.05540969	.45545438	.47592919	.00756579
the vamps	.00630876	.02140445	.22894421	.63057885	.11276373
thor	.01299102	.10498370	.26805381	.53934684	.07462463
tom brady	.01047184	.09361346	.24757995	.61241670	.03591804
tony blair	.01930426	.15757417	.47639969	.33249609	.01422579
twilight	.01060815	.06193492	.23464181	.61777891	.07503621
u2	.00929706	.05652477	.20438950	.64597066	.08381801
watchman	.00816193	.06300039	.31291313	.54015205	.07577251
white sox	.01217223	.05366606	.36735417	.54263684	.02417069
yakub	.01653903	.20235230	.37447989	.38408678	.02254200
yoga	.00451762	.01488458	.15957073	.73170199	.08932509
zac brown band	.00497358	.01451150	.16502112	.68676379	.12873001
zayn	.01717641	.10758066	.33181016	.47825353	.06517923
