amy schumer	0.0202	0.30808	0.11616	0.4798	0.07576
ant-man	0.06977	0.05426	0.07494	0.72093	0.0801
bad blood	0.01924	0.12179	0.07051	0.61538	0.17308
bee gees	0.0119	0.24405	0.26786	0.44048	0.03571
big brother	0.05	0.05227	0.25682	0.57727	0.06364
boko haram	0.14054	0.14054	0.21081	0.38919	0.11892
briana	0.0719	0.12745	0.2647	0.43791	0.09804
brock lesnar	0.03429	0.38857	0.2	0.32762	0.04952
caitlyn jenner	0.06997	0.11079	0.27988	0.4723	0.06706
calibraska	0.09496	0.09497	0.20671	0.51955	0.08381
carly fiorina	0.01832	0.07326	0.51282	0.32967	0.06593
cate blanchett	0.04861	0.13889	0.34722	0.41667	0.04861
charlie hebdo	0.04899	0.12968	0.26513	0.49568	0.06052
chris evans	0.10544	0.14626	0.35034	0.34354	0.05442
christians	0.0597	0.23134	0.26119	0.34328	0.10449
chuck norris	0.07182	0.08287	0.1768	0.44751	0.221
curtis	0.05337	0.12921	0.21629	0.55618	0.04495
dana white	0.09606	0.17514	0.15819	0.51977	0.05084
dark souls	0.01047	0.04712	0.26702	0.59162	0.08377
david bowie	0.03873	0.02113	0.32394	0.57747	0.03873
david price	0.08197	0.03279	0.16159	0.56674	0.15691
david wright	0.12619	0.00476	0.25952	0.5381	0.07143
dean ambrose	0.33708	0.08989	0.13483	0.32584	0.11236
dunkin	0.06809	0.12766	0.20637	0.50426	0.09362
dustin johnson	0.05201	0.01007	0.24832	0.31544	0.37416
ed sheeran	0.03968	0.06085	0.22751	0.60318	0.06878
eid	0.10387	0.1222	0.29327	0.41141	0.06925
floyd mayweather	0.04297	0.09766	0.08593	0.63281	0.14063
foo fighters	0.03758	0.08647	0.45865	0.40602	0.01128
frank gifford	0.06928	0.22864	0.22633	0.44804	0.02771
frank ocean	0.04293	0.34347	0.13059	0.45796	0.02505
gay	0.08279	0.14161	0.1634	0.56863	0.04357
george harrison	0.02547	0.10191	0.10191	0.38854	0.38217
george osborne	0.04098	0.08197	0.08197	0.45492	0.34016
gucci	0.04151	0.11509	0.1566	0.47548	0.21132
hulk hogan	0.07761	0.11642	0.27164	0.48955	0.04478
ice cube	0.02353	0.39412	0.10784	0.34902	0.12549
ira	0.03774	0.158	0.23823	0.47876	0.08727
iran	0.02564	0.11282	0.30769	0.41026	0.14359
iron maiden	0.08382	0.11272	0.2052	0.5289	0.06936
islam	0.0322	0.07576	0.48674	0.35227	0.05303
israel	0.06631	0.15649	0.24934	0.50133	0.02653
janet jackson	0.04192	0.05389	0.08982	0.71257	0.1018
jason aldean	0.23168	0.12673	0.27723	0.3505	0.01386
john cena	0.01951	0.07805	0.22927	0.56828	0.10489
john kasich	0.03933	0.06742	0.44101	0.43258	0.01966
josh hamilton	0.07216	0.02577	0.22165	0.5567	0.12372
justin bieber	0.0903	0.14716	0.55184	0.1806	0.0301
kane	0.04054	0.19144	0.12613	0.54054	0.10135
kanye west	0.0339	0.02179	0.25666	0.57627	0.11138
katy perry	0.04318	0.2518	0.51799	0.05036	0.13667
kendrick	0.15962	0.21731	0.17692	0.375	0.07115
kendrick lamar	0.18644	0.22373	0.18305	0.35932	0.04746
kim kardashian	0.01031	0.07732	0.21134	0.52577	0.17526
kpop	0.05534	0.12253	0.22529	0.50988	0.08696
kris bryant	0.0625	0.05529	0.34375	0.44952	0.08894
lady gaga	0.05128	0.10256	0.20513	0.55556	0.08547
milan	0.05544	0.22077	0.19254	0.38911	0.14214
miss usa	0.03349	0.12441	0.10526	0.44019	0.29665
moto g	0.02591	0.1399	0.07253	0.73057	0.03109
murray	0.07513	0.19429	0.34197	0.20208	0.18653
muslims	0.041	0.14973	0.39216	0.3672	0.04991
naruto	0.09053	0.11789	0.20211	0.49474	0.09473
national hot dog day	0.01961	0.10196	0.22745	0.42353	0.22745
national ice cream day	0.01312	0.43934	0.2918	0.07541	0.18033
niall	0.07317	0.06874	0.37029	0.42128	0.06652
nicki	0.06346	0.05033	0.25164	0.54923	0.08534
nirvana	0.05365	0.10086	0.2103	0.48283	0.15236
paper towns	0.02702	0.09356	0.21206	0.4262	0.24116
paul dunne	0.30755	0.05216	0.26618	0.30576	0.06835
paul mccartney	0.22587	0.05483	0.2873	0.35305	0.07895
prince george	0.01084	0.03795	0.15447	0.46883	0.32791
ps4	0.246	0.116	0.15	0.398	0.09
rahul gandhi	0.05471	0.14286	0.2462	0.46201	0.09422
randy orton	0.05047	0.03211	0.51835	0.32569	0.07338
real madrid	0.34524	0.27083	0.06548	0.27083	0.04762
red sox	0.0211	0.17932	0.11181	0.45359	0.23418
rolling stone	0.03493	0.08297	0.25764	0.45852	0.16594
rousey	0.05204	0.11765	0.27376	0.45701	0.09954
ryan braun	0.01	0.265	0.2	0.46	0.065
sam smith	0.05024	0.15551	0.1555	0.61483	0.02392
saudi arabia	0.05229	0.04575	0.38235	0.47059	0.04902
scott walker	0.01944	0.29722	0.35833	0.29723	0.02778
seth rollins	0.09375	0.13636	0.10795	0.59943	0.06251
sharknado	0.0763	0.11546	0.20412	0.51134	0.09278
shawn	0.03894	0.09204	0.44956	0.36106	0.0584
star wars day	0.11299	0.0452	0.21469	0.58192	0.0452
super eagles	0.02134	0.26829	0.16159	0.52439	0.02439
the vamps	0.08917	0.11465	0.26115	0.46497	0.07006
thor	0.06494	0.12771	0.15151	0.55627	0.09957
tom brady	0.01966	0.05899	0.13484	0.68539	0.10112
tony blair	0.02532	0.173	0.1519	0.48522	0.16456
twilight	0.07449	0.08126	0.23702	0.52822	0.07901
u2	0.04933	0.14798	0.12108	0.59641	0.0852
watchman	0.11965	0.05556	0.19658	0.36325	0.26496
white sox	0.11504	0.13055	0.18142	0.40927	0.16372
yakub	0.0552	0.15287	0.26327	0.43312	0.09554
yoga	0.0188	0.1391	0.16917	0.59774	0.07519
zac brown band	0.14943	0.00575	0.27586	0.49999	0.06897
zayn	0.07073	0.05697	0.40079	0.39882	0.07269